Data taking started at   1664290927.6528 seconds (2022-09-27 11:02:07.652803)
Event     Delta Time     Absolute Time   min[V]   max[V]   Delay[us]   pulse size
    0         6.3320   1664290933.9848  -0.0848   0.0032      1.4660      26.4040
    1        16.3531   1664290944.0059  -0.1008   0.0032      2.4880      26.3432
    2        22.1013   1664290949.7541  -0.1600   0.0040      1.2560      26.3912
    3        25.4038   1664290953.0566  -0.1600   0.0040      0.9600      25.0336
    4        27.7251   1664290955.3779  -0.1024   0.0032      4.3240      25.6248
    5        33.2681   1664290960.9209  -0.1600   0.0032      1.3460      24.4544
    6        42.4587   1664290970.1115  -0.0568   0.0032      0.8600      27.4016
    7        43.1319   1664290970.7847  -0.1320   0.0032      1.2820      26.4192
    8        77.6667   1664291005.3196  -0.1368   0.0032      7.2660      26.2032
    9        90.0930   1664291017.7458  -0.1600   0.0032      1.0020      27.2480
   10        91.1825   1664291018.8353  -0.1600   0.0032      1.7560      25.9456
   11        98.7704   1664291026.4232  -0.1600   0.0096      0.6660      39.4080
   12       116.4726   1664291044.1254  -0.0824   0.0032      1.3240      28.1224
   13       116.7324   1664291044.3852  -0.1440   0.0032     11.6000      27.4648
   14       118.8262   1664291046.4790  -0.0520   0.0032      1.8660      27.5008
   15       159.2520   1664291086.9048  -0.1600   0.0032     10.8360      26.8328
   16       165.6003   1664291093.2531  -0.0600   0.0032      5.3120      27.8584
   17       168.9041   1664291096.5569  -0.1600   0.0032      0.5700      27.8112
   18       171.6237   1664291099.2765  -0.0480   0.0032      0.5820      28.3576
   19       187.7146   1664291115.3674  -0.1288   0.0032      4.0340      27.4944
   20       192.8560   1664291120.5088  -0.1600   0.0040      0.7860      27.3336
   21       220.2956   1664291147.9484  -0.1096   0.0032      4.0820      27.8136
   22       241.8440   1664291169.4968  -0.0536   0.0032      1.0940      28.6832
   23       243.1337   1664291170.7865  -0.1600   0.0112      0.6660      42.0848
   24       268.9588   1664291196.6116  -0.1600   0.0032      2.9140      27.4456
   25       278.1507   1664291205.8035  -0.1296   0.0032      1.9820      27.5072
   26       281.0794   1664291208.7322  -0.1560   0.0032      2.4520      28.5336
   27       294.9499   1664291222.6028  -0.0936   0.0032      1.5040      28.2744
   28       320.9747   1664291248.6275  -0.1328   0.0032      1.5140      27.9912
   29       322.0563   1664291249.7091  -0.1600   0.0040      1.0380      28.6128
   30       344.8339   1664291272.4867  -0.0560   0.0032      1.5320      28.3312
   31       360.5286   1664291288.1814  -0.0752   0.0032      0.7220      27.5416
   32       363.6445   1664291291.2973  -0.1200   0.0032      3.3460      27.4896
   33       378.9102   1664291306.5630  -0.0336   0.0024      6.4440      27.5472
   34       380.8095   1664291308.4623  -0.1208   0.0032     11.8800      27.5592
   35       383.7228   1664291311.3756  -0.0528   0.0032      4.0540      28.4696
   36       406.0881   1664291333.7409  -0.1600   0.0032      2.9760      27.9304
   37       420.3777   1664291348.0305  -0.1600   0.0032      3.8900      27.4088
   38       423.9080   1664291351.5608  -0.1456   0.0032      3.5620      27.2416
   39       467.1752   1664291394.8280  -0.1600   0.0032      2.9740      27.6720
   40       484.2884   1664291411.9412  -0.0728   0.0032      2.0940      28.7248
   41       491.2427   1664291418.8955  -0.1600   0.0032      2.4420      27.8560
   42       494.9696   1664291422.6224  -0.1184   0.0032      7.3260      27.5640
   43       526.6700   1664291454.3228  -0.0872   0.0032      0.5560      28.4608
   44       536.2794   1664291463.9322  -0.1272   0.0032      4.8180      27.2808
   45       546.4907   1664291474.1435  -0.0744   0.0032      1.2960      28.1200
   46       552.2436   1664291479.8964  -0.1184   0.0032      2.9860      26.8128
   47       580.9206   1664291508.5734  -0.1600   0.0032      1.9200      27.6440
   48       629.8460   1664291557.4988  -0.1600   0.0032      7.3360      26.5984
   49       665.2006   1664291592.8534  -0.0768   0.0032      1.2620      28.0424
   50       675.8217   1664291603.4745  -0.1584   0.0032      0.5520      27.7760
   51       742.7937   1664291670.4465  -0.1008   0.0032      3.1500      27.7024
   52       745.9246   1664291673.5774  -0.1304   0.0032      4.7080      27.7784
   53       753.0764   1664291680.7292  -0.0656   0.0032      2.0460      28.2264
   54       757.0132   1664291684.6660  -0.1600   0.0032      1.0640      27.2760
   55       769.4642   1664291697.1170  -0.1048   0.0032      6.1760      27.6384
   56       775.4318   1664291703.0846  -0.1168   0.0032      0.6700      27.8168
   57       778.3603   1664291706.0131  -0.0592   0.0032      4.7040      27.7320
   58       782.4991   1664291710.1519  -0.1600   0.0032      0.8080      27.0744
   59       792.7131   1664291720.3659  -0.1592   0.0032      1.4960      26.8288
   60       793.1729   1664291720.8257  -0.1352   0.0032      1.2800      27.0216
   61       796.4821   1664291724.1349  -0.1472   0.0032      2.0420      27.3888
   62       806.2855   1664291733.9383  -0.0960   0.0032      2.6060      27.8120
   63       850.9498   1664291778.6026  -0.1040   0.0032      1.4740      28.5968
   64       864.4243   1664291792.0771  -0.1600   0.0032      2.8420      28.7096
   65       868.1761   1664291795.8289  -0.0824   0.0032      1.6620      28.6536
   66       871.2927   1664291798.9455  -0.1536   0.0032      5.1620      27.4032
   67       887.7852   1664291815.4380  -0.1600   0.0032      3.2820      27.1104
   68       894.9386   1664291822.5914  -0.1600   0.0032      6.2940      27.2192
   69       925.6250   1664291853.2778  -0.1144   0.0032      6.6340      27.6400
   70       929.3335   1664291856.9863  -0.1032   0.0032      1.8920      27.3016
   71       951.6881   1664291879.3409  -0.1368   0.0032      0.6760      27.7120
   72       966.9702   1664291894.6230  -0.1144   0.0032      8.0440      27.9000
   73      1000.4813   1664291928.1341  -0.1368   0.0032      0.5660      28.1680
   74      1004.0130   1664291931.6658  -0.0320   0.0032      0.5660      29.0360
   75      1017.0553   1664291944.7081  -0.1280   0.0032      2.0240      28.1560
   76      1022.6153   1664291950.2681  -0.1600   0.0032      2.7620      28.1184
   77      1035.2503   1664291962.9031  -0.1320   0.0032      0.9960      27.1848
   78      1049.1045   1664291976.7573  -0.1216   0.0032      1.0680      27.2776
   79      1062.1546   1664291989.8074  -0.0952   0.0032      9.8760      28.1832
   80      1078.6395   1664292006.2923  -0.1600   0.0032      1.0460      26.8152
   81      1104.0632   1664292031.7160  -0.0808   0.0032      1.2520      28.5376
   82      1112.6549   1664292040.3077  -0.1256   0.0032      1.8320      27.7160
   83      1168.0737   1664292095.7265  -0.0640   0.0032      2.7380      27.7160
   84      1174.2370   1664292101.8898  -0.1600   0.0032      5.0000      27.5848
   85      1178.5756   1664292106.2284  -0.0864   0.0032      0.6080      28.4304
   86      1211.1143   1664292138.7671  -0.0928   0.0032      1.1300      28.6680
   87      1232.2624   1664292159.9153  -0.1600   0.0040      2.8300      27.8304
   88      1241.4544   1664292169.1072  -0.1144   0.0032      3.3300      27.6160
   89      1256.5287   1664292184.1815  -0.1552   0.0032      1.2460      26.6224
   90      1258.4194   1664292186.0722  -0.1416   0.0032      0.9880      27.3432
   91      1270.0394   1664292197.6922  -0.0792   0.0032      0.6440      28.1040
   92      1279.8573   1664292207.5101  -0.0864   0.0032      2.8080      28.3520
   93      1280.7372   1664292208.3900  -0.1160   0.0032      6.3000      28.1576
   94      1342.6535   1664292270.3063  -0.1264   0.0032      0.9840      28.2104
   95      1360.3725   1664292288.0253  -0.0912   0.0032      3.4660      26.8008
   96      1380.3101   1664292307.9629  -0.1600   0.0032      7.2680      27.8320
   97      1417.0578   1664292344.7106  -0.1016   0.0032      1.8320      28.1640
   98      1424.0195   1664292351.6723  -0.0712   0.0032      5.7420      27.9624
   99      1447.6087   1664292375.2615  -0.0440   0.0032      2.1420      28.3408
  100      1461.8777   1664292389.5305  -0.1600   0.0032      1.7200      28.0720
  101      1504.3211   1664292431.9739  -0.1600   0.0032      2.0540      26.9928
  102      1527.0966   1664292454.7494  -0.1448   0.0032      0.6460      27.5096
  103      1527.7961   1664292455.4489  -0.0576   0.0032      0.9140      28.5128
  104      1532.7389   1664292460.3917  -0.1480   0.0032      0.6520      28.2416
  105      1541.5292   1664292469.1820  -0.1600   0.0032      1.3700      28.4176
  106      1543.4296   1664292471.0824  -0.0824   0.0032      8.3780      28.1792
  107      1551.4102   1664292479.0630  -0.1600   0.0032      1.4220      27.8608
  108      1577.2358   1664292504.8886  -0.1552   0.0032      4.9460      26.8312
  109      1609.3520   1664292537.0048  -0.1600   0.0032      3.6580      26.9160
  110      1635.1480   1664292562.8008  -0.1600   0.0032      5.0460      27.7432
  111      1652.6500   1664292580.3028  -0.1600   0.0040      1.4480      26.6184
  112      1655.5535   1664292583.2063  -0.1600   0.0032      4.3560      27.7408
  113      1657.0548   1664292584.7076  -0.1600   0.0032     11.8680      26.7864
  114      1658.5377   1664292586.1905  -0.1088   0.0032      1.6360      27.2496
  115      1676.2591   1664292603.9119  -0.1456   0.0032      1.1220      27.5848
  116      1696.4169   1664292624.0697  -0.1600   0.0032      9.3820      27.3104
  117      1710.2837   1664292637.9366  -0.1600   0.0032      1.9080      26.7928
  118      1739.1550   1664292666.8078  -0.1040   0.0032      2.0560      28.3912
  119      1773.6839   1664292701.3367  -0.1600   0.0032      3.4480      27.3496
  120      1794.2368   1664292721.8896  -0.1424   0.0032      2.6940      27.8752
  121      1802.8496   1664292730.5024  -0.1600   0.0040      8.3200      29.3568
  122      1803.3159   1664292730.9687  -0.1600   0.0040      0.5400      27.7600
  123      1814.3317   1664292741.9845  -0.1600   0.0040      0.7240      26.9416
  124      1840.5862   1664292768.2390  -0.1600   0.0032      1.3720      27.3744
  125      1848.3703   1664292776.0231  -0.0728   0.0032      5.4160      28.6024
  126      1850.2561   1664292777.9089  -0.1416   0.0032      3.3820      28.1488
  127      1867.3542   1664292795.0070  -0.0960   0.0032      1.0920      27.6504
  128      1911.8297   1664292839.4825  -0.1600   0.0032      7.0580      27.5224
  129      1913.1189   1664292840.7717  -0.0960   0.0032      0.5460      28.2392
  130      1939.9493   1664292867.6021  -0.1392   0.0032      5.3800      27.9320
  131      1962.5287   1664292890.1815  -0.1600   0.0040      1.0580      28.2136
  132      1977.0093   1664292904.6621  -0.1600   0.0032      4.0120      25.6672
  133      1990.6699   1664292918.3227  -0.1144   0.0032      6.7340      27.8848
  134      1992.3890   1664292920.0418  -0.1152   0.0032      0.9500      27.4904
  135      2001.5738   1664292929.2266  -0.1120   0.0032      1.9260      27.4824
  136      2017.6633   1664292945.3161  -0.1064   0.0032      1.6160      27.0784
  137      2034.9855   1664292962.6384  -0.1184   0.0032      1.6300      27.4072
  138      2036.8951   1664292964.5479  -0.1600   0.0032      2.4460      27.4064
  139      2043.8723   1664292971.5251  -0.1600   0.0040      1.2460      27.1544
  140      2054.5042   1664292982.1570  -0.1456   0.0032      1.8560      27.9712
  141      2067.7454   1664292995.3982  -0.1024   0.0032      4.6840      28.1120
  142      2071.6738   1664292999.3266  -0.1448   0.0032      2.2900      27.7224
  143      2089.7782   1664293017.4310  -0.0536   0.0032      2.3520      27.4032
  144      2129.3942   1664293057.0470  -0.1600   0.0032      1.6580      26.6296
  145      2150.1385   1664293077.7913  -0.0624   0.0032      0.8800      27.9264
  146      2155.0707   1664293082.7235  -0.1552   0.0032      0.8560      27.1816
  147      2169.9569   1664293097.6097  -0.1032   0.0032      2.1800      27.0984
  148      2171.4479   1664293099.1007  -0.1600   0.0032      7.7740      27.0472
  149      2192.6098   1664293120.2626  -0.1456   0.0040      1.2500      27.4808
  150      2206.4677   1664293134.1205  -0.1040   0.0032      5.2040      28.6224
  151      2239.9891   1664293167.6419  -0.1600   0.0032      6.5800      27.3536
  152      2249.8021   1664293177.4549  -0.0848   0.0032      0.9240      27.8360
  153      2255.5557   1664293183.2085  -0.1160   0.0032      0.8340      27.5592
  154      2268.6155   1664293196.2683  -0.1144   0.0032      1.7820      28.4936
  155      2273.9570   1664293201.6098  -0.0512   0.0032      2.0420      27.4424
  156      2318.4113   1664293246.0641  -0.0808   0.0032      4.5240      27.9832
  157      2375.0572   1664293302.7101  -0.1472   0.0032      2.0320      27.6064
  158      2404.7286   1664293332.3814  -0.1600   0.0032      2.9880      27.7368
  159      2418.5851   1664293346.2379  -0.1600   0.0032      1.1680      28.3776
  160      2425.9597   1664293353.6125  -0.1136   0.0032      1.5500      28.1600
  161      2433.1466   1664293360.7995  -0.0664   0.0032      1.1260      27.5224
  162      2455.3171   1664293382.9699  -0.1600   0.0032      2.2740      27.2944
  163      2490.4509   1664293418.1037  -0.0600   0.0032      2.4920      28.2168
  164      2519.2999   1664293446.9527  -0.1600   0.0032      4.1060      27.8768
  165      2537.8393   1664293465.4921  -0.1504   0.0032      2.3320      26.7320
  166      2554.9316   1664293482.5845  -0.1600   0.0032      3.9200      28.5696
  167      2557.4310   1664293485.0838  -0.1600   0.0032      6.3060      27.1848
  168      2562.9953   1664293490.6482  -0.0776   0.0032      3.0100      27.9288
  169      2568.3292   1664293495.9820  -0.1304   0.0032      1.4120      27.8920
  170      2580.5752   1664293508.2280  -0.1304   0.0032      4.7080      27.2864
  171      2581.2548   1664293508.9076  -0.1600   0.0040      0.9900      27.0696
  172      2602.0080   1664293529.6608  -0.1600   0.0032      4.3320      27.5240
  173      2609.1806   1664293536.8334  -0.1440   0.0032      3.0200      27.7864
  174      2610.8997   1664293538.5525  -0.1160   0.0032      0.5220      26.2984
  175      2634.8849   1664293562.5377  -0.1600   0.0032      8.2980      26.8632
  176      2649.7556   1664293577.4084  -0.1600   0.0040      1.9780      27.3088
  177      2668.0851   1664293595.7380  -0.1568   0.0032      2.4820      26.5464
  178      2682.3387   1664293609.9915  -0.1040   0.0032      1.2700      27.5944
  179      2693.5607   1664293621.2135  -0.0600   0.0032      3.4540      27.5496
  180      2697.4832   1664293625.1360  -0.1600   0.0040      0.6940      27.3424
  181      2752.4935   1664293680.1463  -0.1600   0.0032      5.9720      27.7936
  182      2756.6279   1664293684.2807  -0.1160   0.0032      1.7500      28.0344
  183      2763.7971   1664293691.4499  -0.1600   0.0032      6.8840      26.8312
  184      2779.2940   1664293706.9468  -0.1600   0.0032      8.9300      28.2672
  185      2799.6486   1664293727.3014  -0.1600   0.0040      0.7380      27.8224
  186      2819.1998   1664293746.8526  -0.1600   0.0032      1.3580      26.7640
  187      2822.5533   1664293750.2061  -0.1360   0.0032      0.5160      28.0440
  188      2851.8165   1664293779.4693  -0.0736   0.0032      1.8140      27.4080
  189      2852.7062   1664293780.3590  -0.1248   0.0032      1.1480      27.9816
  190      2857.0376   1664293784.6904  -0.1600   0.0032      2.9900      27.8376
  191      2867.0583   1664293794.7111  -0.1600   0.0032      6.5260      26.9592
  192      2879.4982   1664293807.1510  -0.0992   0.0032      3.4700      27.7056
  193      2880.5911   1664293808.2439  -0.1208   0.0032      0.5360      27.8752
  194      2898.9343   1664293826.5871  -0.1600   0.0040      2.3840      27.0496
  195      2936.5335   1664293864.1863  -0.1304   0.0032      1.8320      28.4896
  196      2945.3187   1664293872.9715  -0.1600   0.0032      2.1820      27.5160
  197      2960.2019   1664293887.8547  -0.1600   0.0040      2.1500      27.5776
  198      3007.5159   1664293935.1687  -0.0736   0.0032      3.0740      28.3216
  199      3084.4324   1664294012.0852  -0.1280   0.0032      1.1720      27.6328
  200      3098.5067   1664294026.1595  -0.1336   0.0032      4.3840      27.7976
  201      3113.3731   1664294041.0259  -0.1432   0.0032      0.8840      27.1648
  202      3125.2075   1664294052.8603  -0.1600   0.0032      1.0680      27.0792
  203      3172.9381   1664294100.5909  -0.1600   0.0032      1.7960      26.7128
  204      3173.6179   1664294101.2707  -0.0464   0.0032      5.0600      28.7648
  205      3188.0854   1664294115.7382  -0.1424   0.0032      0.8320      28.0344
  206      3195.4863   1664294123.1391  -0.1520   0.0032      0.6660      28.8680
  207      3205.7095   1664294133.3623  -0.1504   0.0032      5.1340      26.9272
  208      3211.8783   1664294139.5311  -0.1600   0.0040      1.4380      27.7304
  209      3221.4669   1664294149.1198  -0.0808   0.0032      2.1680      28.5648
  210      3236.1453   1664294163.7981  -0.0712   0.0032      2.4940      28.6016
  211      3239.2770   1664294166.9298  -0.1600   0.0040      1.1860      26.6112
  212      3257.6006   1664294185.2534  -0.0768   0.0032      3.3180      27.4408
  213      3329.6297   1664294257.2825  -0.1560   0.0032      2.6760      27.9800
  214      3353.4147   1664294281.0675  -0.1080   0.0032      4.7700      28.2824
  215      3393.0360   1664294320.6888  -0.1600   0.0032      1.5940      28.4520
  216      3402.6256   1664294330.2784  -0.1600   0.0040      1.4100      27.1280
  217      3410.8196   1664294338.4724  -0.1600   0.0040      2.4400      28.3344
  218      3424.4897   1664294352.1425  -0.1600   0.0040      2.0960      27.7568
  219      3492.4636   1664294420.1164  -0.1496   0.0032     11.1840      27.4336
  220      3496.3969   1664294424.0497  -0.1600   0.0032      5.0980      27.9072
  221      3529.1182   1664294456.7710  -0.0848   0.0032      2.5020      27.9984
  222      3535.2748   1664294462.9276  -0.0864   0.0032      1.3520      28.6520
  223      3542.4368   1664294470.0896  -0.0960   0.0032      0.7780      28.0904
  224      3550.2392   1664294477.8920  -0.1600   0.0040      1.6840      28.7784
  225      3551.5251   1664294479.1779  -0.1256   0.0032      1.5600      27.2992
  226      3587.6731   1664294515.3259  -0.1600   0.0032      2.0080      27.4016
  227      3610.2550   1664294537.9078  -0.0328   0.0032      2.1240      29.2776
  228      3613.3617   1664294541.0145  -0.1440   0.0032      0.9680      27.6808
  229      3634.1063   1664294561.7591  -0.0832   0.0032      2.8960      27.9424
  230      3642.0876   1664294569.7404  -0.0536   0.0032      6.0700      28.5480
  231      3658.3712   1664294586.0240  -0.1080   0.0032      3.2080      28.2816
  232      3673.8548   1664294601.5077  -0.1088   0.0032      0.6920      28.1976
  233      3696.2317   1664294623.8845  -0.0392   0.0032      1.6180      28.7712
