8.000000000000000167e-02 1.600000000000000033e-01 0.000000000000000000e+00
2.399999999999999911e-01 1.600000000000000033e-01 0.000000000000000000e+00
4.000000000000000222e-01 1.600000000000000033e-01 0.000000000000000000e+00
5.599999999999999423e-01 1.600000000000000033e-01 2.000000000000000000e+00
7.199999999999999734e-01 1.600000000000000033e-01 2.000000000000000000e+00
8.800000000000000044e-01 1.600000000000000033e-01 2.000000000000000000e+00
1.040000000000000036e+00 1.600000000000000033e-01 2.000000000000000000e+00
1.200000000000000178e+00 1.600000000000000033e-01 1.000000000000000000e+00
1.360000000000000098e+00 1.600000000000000033e-01 1.000000000000000000e+00
1.520000000000000018e+00 1.600000000000000033e-01 3.000000000000000000e+00
1.680000000000000160e+00 1.600000000000000033e-01 1.000000000000000000e+00
1.840000000000000080e+00 1.600000000000000033e-01 1.000000000000000000e+00
2.000000000000000000e+00 1.600000000000000033e-01 4.000000000000000000e+00
2.160000000000000142e+00 1.600000000000000033e-01 1.000000000000000000e+00
2.320000000000000284e+00 1.600000000000000033e-01 0.000000000000000000e+00
2.479999999999999982e+00 1.600000000000000033e-01 1.000000000000000000e+00
2.640000000000000124e+00 1.600000000000000033e-01 3.000000000000000000e+00
2.800000000000000266e+00 1.600000000000000033e-01 2.000000000000000000e+00
2.959999999999999964e+00 1.600000000000000033e-01 1.000000000000000000e+00
3.120000000000000107e+00 1.600000000000000033e-01 0.000000000000000000e+00
3.280000000000000249e+00 1.600000000000000033e-01 2.000000000000000000e+00
3.439999999999999947e+00 1.600000000000000033e-01 1.000000000000000000e+00
3.600000000000000089e+00 1.600000000000000033e-01 1.000000000000000000e+00
3.760000000000000231e+00 1.600000000000000033e-01 1.000000000000000000e+00
3.919999999999999929e+00 1.600000000000000033e-01 1.000000000000000000e+00
4.080000000000000071e+00 1.600000000000000033e-01 1.000000000000000000e+00
4.240000000000000213e+00 1.600000000000000033e-01 0.000000000000000000e+00
4.400000000000000355e+00 1.600000000000000033e-01 2.000000000000000000e+00
4.560000000000000497e+00 1.600000000000000033e-01 0.000000000000000000e+00
4.719999999999999751e+00 1.600000000000000033e-01 0.000000000000000000e+00
4.879999999999999893e+00 1.600000000000000033e-01 0.000000000000000000e+00
5.040000000000000036e+00 1.600000000000000033e-01 1.000000000000000000e+00
5.200000000000000178e+00 1.600000000000000033e-01 1.000000000000000000e+00
5.360000000000000320e+00 1.600000000000000033e-01 0.000000000000000000e+00
5.520000000000000462e+00 1.600000000000000033e-01 0.000000000000000000e+00
5.680000000000000604e+00 1.600000000000000033e-01 0.000000000000000000e+00
5.839999999999999858e+00 1.600000000000000033e-01 0.000000000000000000e+00
6.000000000000000000e+00 1.600000000000000033e-01 0.000000000000000000e+00
6.160000000000000142e+00 1.600000000000000033e-01 0.000000000000000000e+00
6.320000000000000284e+00 1.600000000000000033e-01 0.000000000000000000e+00
6.480000000000000426e+00 1.600000000000000033e-01 0.000000000000000000e+00
6.640000000000000568e+00 1.600000000000000033e-01 1.000000000000000000e+00
6.799999999999999822e+00 1.600000000000000033e-01 0.000000000000000000e+00
6.959999999999999964e+00 1.600000000000000033e-01 0.000000000000000000e+00
7.120000000000000107e+00 1.600000000000000033e-01 0.000000000000000000e+00
7.280000000000000249e+00 1.600000000000000033e-01 0.000000000000000000e+00
7.440000000000000391e+00 1.600000000000000033e-01 0.000000000000000000e+00
7.600000000000000533e+00 1.600000000000000033e-01 0.000000000000000000e+00
7.759999999999999787e+00 1.600000000000000033e-01 0.000000000000000000e+00
7.919999999999999929e+00 1.600000000000000033e-01 0.000000000000000000e+00
8.080000000000000071e+00 1.600000000000000033e-01 0.000000000000000000e+00
8.240000000000000213e+00 1.600000000000000033e-01 1.000000000000000000e+00
8.400000000000000355e+00 1.600000000000000033e-01 0.000000000000000000e+00
8.560000000000000497e+00 1.600000000000000033e-01 0.000000000000000000e+00
8.720000000000000639e+00 1.600000000000000033e-01 0.000000000000000000e+00
8.880000000000000782e+00 1.600000000000000033e-01 0.000000000000000000e+00
9.040000000000000924e+00 1.600000000000000033e-01 0.000000000000000000e+00
9.200000000000001066e+00 1.600000000000000033e-01 0.000000000000000000e+00
9.359999999999999432e+00 1.600000000000000033e-01 0.000000000000000000e+00
9.519999999999999574e+00 1.600000000000000033e-01 0.000000000000000000e+00
9.679999999999999716e+00 1.600000000000000033e-01 0.000000000000000000e+00
9.839999999999999858e+00 1.600000000000000033e-01 0.000000000000000000e+00
1.000000000000000000e+01 1.600000000000000033e-01 0.000000000000000000e+00
1.016000000000000014e+01 1.600000000000000033e-01 0.000000000000000000e+00
1.032000000000000028e+01 1.600000000000000033e-01 0.000000000000000000e+00
1.048000000000000043e+01 1.600000000000000033e-01 0.000000000000000000e+00
1.064000000000000057e+01 1.600000000000000033e-01 0.000000000000000000e+00
1.080000000000000071e+01 1.600000000000000033e-01 0.000000000000000000e+00
1.096000000000000085e+01 1.600000000000000033e-01 0.000000000000000000e+00
1.112000000000000099e+01 1.600000000000000033e-01 0.000000000000000000e+00
1.128000000000000114e+01 1.600000000000000033e-01 0.000000000000000000e+00
1.143999999999999950e+01 1.600000000000000033e-01 0.000000000000000000e+00
1.159999999999999964e+01 1.600000000000000033e-01 0.000000000000000000e+00
1.175999999999999979e+01 1.600000000000000033e-01 0.000000000000000000e+00
1.191999999999999993e+01 1.600000000000000033e-01 0.000000000000000000e+00
